0.5311562784693458 0.5531596839427948 0.7308349047498849 0.7327981651376146
0.5003465276324388 0.5354776680469513 0.7537454156706113 0.7373853211009175
0.48195714074553864 0.5287694185972214 0.7639608605918425 0.7419724770642202
0.4649640415428263 0.518493577837944 0.7764332061352062 0.7591743119266054
0.451745903627439 0.5185654535889626 0.7835305646705965 0.75
0.4391630667854439 0.5168933719396591 0.7933302647403822 0.7580275229357798
0.4300400718595042 0.5496828258037567 0.7980370903799611 0.7327981651376146
0.41976547997557756 0.523724764585495 0.8053868654323004 0.7477064220183486
0.4093771790238944 0.5558095574378967 0.8118457586601138 0.7259174311926605
0.4023260686433677 0.5279724448919296 0.8166119764213277 0.7488532110091743
0.39247690705638943 0.5109584480524063 0.8229817814666884 0.7557339449541285
0.3835467021122123 0.5270426273345947 0.8279113275623988 0.7465596330275229
0.37500906080910656 0.5324737131595612 0.8336575153305914 0.7327981651376146
0.3666131564161994 0.5843714773654938 0.838765237791207 0.7213302752293578
0.36166385064522427 0.5241590663790703 0.8416309076600988 0.7396788990825688
0.3534026834549326 0.5299525409936905 0.8458625963265973 0.7431192660550459
0.34419482686754427 0.5526202172040939 0.8511187990913005 0.7190366972477065
0.3388792072055918 0.5322894901037216 0.8540141650210099 0.7350917431192661
0.3317074390184699 0.5359183698892593 0.8589140150559028 0.75
0.3265403107260213 0.55150106549263 0.8616905967423422 0.7236238532110092
0.318406759733052 0.5450808852910995 0.8669022554158191 0.7327981651376146
0.3140269255434925 0.5664507746696472 0.8682237301221993 0.7247706422018348
0.30480736302155437 0.5424081087112427 0.8742520304681584 0.7282110091743119
0.3013367389300556 0.5906420350074768 0.8750686721406405 0.7144495412844036
0.29493899716798105 0.6234338879585266 0.8782906947393428 0.7041284403669725
