0.5972482142123309 0.5752236545085907 0.6789855825624731 0.7098623853211009
0.5254948970043298 0.5558699369430542 0.7381698317718155 0.7305045871559633
0.51989466866309 0.5518197566270828 0.741822447252372 0.731651376146789
0.5173999952773253 0.5495540350675583 0.7432033140803872 0.7293577981651376
0.5154720589970098 0.5522770583629608 0.7452226462159794 0.7201834862385321
0.5137520707917936 0.5469515323638916 0.7464550327399071 0.7270642201834863
0.5122982771559195 0.5535516291856766 0.7468262335001262 0.7236238532110092
0.5104639539212892 0.5486219376325607 0.7486525412404045 0.7201834862385321
0.507659996097738 0.5443226099014282 0.7495582710953392 0.7224770642201835
0.5061754680266886 0.5434366315603256 0.7502561285245513 0.7247706422018348
0.5030330627253561 0.5440816134214401 0.7516369953525665 0.7247706422018348
0.5011692128398202 0.537962943315506 0.7536860235489762 0.7305045871559633
0.4996106099676002 0.5392748564481735 0.7543096408261444 0.7282110091743119
0.4973318703246839 0.536504939198494 0.7556162675021159 0.7339449541284404
0.4949630600484935 0.5399093478918076 0.7566407816003207 0.7259174311926605
0.4928485525376869 0.536586582660675 0.7586304176750954 0.731651376146789
0.49087101074330736 0.5457991808652878 0.7603230931416948 0.7224770642201835
0.48911954496394505 0.5350283831357956 0.7616297198176661 0.7350917431192661
0.4871925735338168 0.533424586057663 0.7623572733076958 0.7350917431192661
0.48527670832294406 0.5375938564538956 0.7641984290783828 0.7293577981651376
0.4838068567667947 0.5272492840886116 0.7649705266596386 0.7465596330275229
0.48158825075987616 0.5268224775791168 0.7661138250011136 0.7408256880733946
0.47992536956162163 0.5266660451889038 0.7677471083460778 0.7408256880733946
0.47811667948509706 0.5260471403598785 0.7683855736536549 0.7431192660550459
0.47619340591358417 0.5269702523946762 0.7701376412418892 0.7454128440366973
