0.593067942469409 0.5734933316707611 0.688013185051003 0.7155963302752294
0.5253687925410994 0.5569316297769547 0.7380807435893628 0.7270642201834863
0.5185343412061533 0.5545561015605927 0.7418818393740071 0.7270642201834863
0.5144915093075145 0.5482324957847595 0.743856627418373 0.7282110091743119
0.5123748081651601 0.5474231690168381 0.7463807925878633 0.7270642201834863
0.5087884250238086 0.5460104197263718 0.7481031641152801 0.7305045871559633
0.5055428553711284 0.5409780144691467 0.7504788489806827 0.731651376146789
0.502555834298784 0.5435930490493774 0.7525724212683188 0.7282110091743119
0.4997929693623023 0.5458051115274429 0.7539087440051078 0.7259174311926605
0.49612861815275566 0.5373430550098419 0.7563883650833717 0.7293577981651376
0.4925987004782214 0.5364534556865692 0.7583928491885551 0.7327981651376146
0.49002552009893185 0.532394215464592 0.760753686023549 0.7350917431192661
0.4867809306491505 0.5353621244430542 0.7624612095205571 0.7350917431192661
0.4829464754597707 0.5460740923881531 0.7650002227204561 0.7201834862385321
0.4799896926816666 0.5279743373394012 0.7666928981870554 0.7339449541284404
0.4775850525633855 0.5306040048599243 0.768311333501611 0.7396788990825688
0.4745734116118966 0.5259366929531097 0.7698258326033052 0.7373853211009175
0.4724890532141382 0.5282386392354965 0.7727805906546497 0.7305045871559633
0.46911440123662806 0.5339537113904953 0.773522992175088 0.7350917431192661
0.466626888423255 0.5313050299882889 0.7752602117329136 0.7385321100917431
0.46423815901983867 0.5227183178067207 0.7776655926591338 0.7419724770642202
0.4615738280117512 0.5195974335074425 0.7795215964602296 0.7488532110091743
0.45904504282004904 0.5235173031687737 0.780887615257836 0.7488532110091743
0.4567429714582183 0.5217479020357132 0.7833523883056912 0.7488532110091743
0.4544576687568968 0.5251327529549599 0.7841096378565383 0.7396788990825688
