0.6444014331156557 0.6308280527591705 0.626898691888521 0.6995412844036697
0.5747524587945505 0.5851916521787643 0.7204561314941573 0.7213302752293578
0.538734533457142 0.5664720237255096 0.7344132800783976 0.7282110091743119
0.5269682276429553 0.559428796172142 0.7377095428291437 0.7305045871559633
0.5230180150405928 0.5589489489793777 0.7398328111775972 0.7224770642201835
0.5212952802804384 0.5558831691741943 0.7400703796641376 0.7282110091743119
0.5202959195682497 0.5537285357713699 0.7410651977015249 0.7327981651376146
0.5197265401031032 0.5552609413862228 0.7418075992219632 0.7247706422018348
0.5192589304889693 0.5524693131446838 0.7424312164991314 0.7247706422018348
0.5180044375134237 0.5508969873189926 0.742965745593847 0.7293577981651376
0.518592279065739 0.5527951270341873 0.7429212015026206 0.7247706422018348
