0.6209223463254816 0.593690937757492 0.6889252718980237 0.6912751677852349
0.6047877669334412 0.5971525430679321 0.704362062916618 0.6912751677852349
0.6037021822789136 0.5972311854362488 0.704362062916618 0.6912751677852349
0.6002380462253795 0.6004141211509705 0.704362062916618 0.6912751677852349
0.5990415811538696 0.5985077261924744 0.704362062916618 0.6912751677852349
0.5987556103397819 0.6124722480773925 0.7044790083031225 0.6893576222435283
0.5963043991257163 0.6097885131835937 0.704829844462636 0.6883988494726749
0.5939171314239502 0.5979193329811097 0.705297626008654 0.6912751677852349
0.5915999184636509 0.5958686947822571 0.7055315167816629 0.6903163950143816
0.5859992819673875 0.5964413166046143 0.7068179160332125 0.6903163950143816
0.5821109677062315 0.6000620007514954 0.7068179160332125 0.6951102588686481
0.5819443814894733 0.5999182343482972 0.709273769149807 0.6912751677852349
0.575113280731089 0.5993512034416199 0.7107940591743656 0.6903163950143816
0.5727910031290615 0.6011088371276856 0.7133668576774647 0.6903163950143816
0.5666472859242383 0.6007856249809265 0.7165243831130862 0.6883988494726749
0.5640439268420724 0.6096677184104919 0.7146532569290142 0.6816874400767018
0.5603572410695693 0.6133453965187072 0.7196819085487077 0.6673058485139022
0.5584031308398527 0.6201791644096375 0.7189802362296808 0.6749760306807286
0.551547604448655 0.6246868252754212 0.7229563793708338 0.6711409395973155
0.5528908424517688 0.6099064707756042 0.7241258332358789 0.6826462128475551
0.5475341099150041 0.6218285202980042 0.7251783417144194 0.6682646212847555
0.5393133908510208 0.6144194602966309 0.730206993334113 0.6807286673058485
0.5390308324028464 0.6241975545883178 0.7284528125365455 0.6644295302013423
0.5346487217089709 0.6257198452949524 0.7324289556776985 0.6701821668264621
0.5305116763886284 0.6396920323371887 0.7345339726347796 0.660594439117929
