0.6232560399700614 0.6020793139934539 0.6940708689042218 0.6912751677852349
0.60826075778288 0.5963993668556213 0.704362062916618 0.6912751677852349
0.6050291061401367 0.5961014270782471 0.704362062916618 0.6912751677852349
0.60467387472882 0.6005770564079285 0.704362062916618 0.6912751677852349
0.6030408687451306 0.5976844429969788 0.704362062916618 0.6912751677852349
0.6037277456592111 0.6029241561889649 0.704362062916618 0.6912751677852349
0.6013516100013957 0.6144302725791931 0.704362062916618 0.6912751677852349
0.6027435555177576 0.5985055446624756 0.704362062916618 0.6912751677852349
0.6046398474889643 0.5990508913993835 0.704362062916618 0.6912751677852349
0.6010697589201086 0.6048278093338013 0.704362062916618 0.6912751677852349
0.598882324555341 0.6033499002456665 0.704362062916618 0.6912751677852349
0.5994983210283167 0.6084035873413086 0.704362062916618 0.6912751677852349
0.6010916005162632 0.5992537498474121 0.7044790083031225 0.6912751677852349
0.6015871693106258 0.600175428390503 0.704362062916618 0.6912751677852349
0.6020437408896053 0.59995539188385 0.7045959536896269 0.6912751677852349
0.5994853535119224 0.6049112200736999 0.704362062916618 0.6903163950143816
0.5985324295128093 0.6017444372177124 0.704362062916618 0.6912751677852349
0.59768525817815 0.5995482444763184 0.7044790083031225 0.6912751677852349
0.5981874676311717 0.6035268545150757 0.704362062916618 0.6903163950143816
0.5975506621248582 0.6008233547210693 0.704362062916618 0.6912751677852349
0.5975367847610923 0.6014232873916626 0.7044790083031225 0.6903163950143816
0.5966445356607437 0.6004891872406006 0.704362062916618 0.6903163950143816
0.597539030453738 0.599455988407135 0.7044790083031225 0.6912751677852349
0.598433149211547 0.6016792178153991 0.7044790083031225 0.6893576222435283
0.5972112206851735 0.6019742250442505 0.704362062916618 0.6883988494726749
