0.5309687435175433 0.540643185377121 0.730701272476206 0.7385321100917431
0.4987132147406087 0.533995047211647 0.7527357496028152 0.7419724770642202
0.4786099540916356 0.5325261950492859 0.7663810895484714 0.7339449541284404
0.4616453317981778 0.5242768004536629 0.7780070973585353 0.7477064220183486
0.44864912263371726 0.5176255330443382 0.7875989250025984 0.75
0.4383661172380953 0.5607479810714722 0.79468143550758 0.7098623853211009
0.42664694808649295 0.5305680334568024 0.8018678822254228 0.7419724770642202
0.41746265971750923 0.5363243073225021 0.8068271243819507 0.7305045871559633
0.407333486459472 0.5225660502910614 0.8128999688191362 0.7465596330275229
0.3973426122331258 0.5516581982374191 0.820724880844556 0.7190366972477065
0.3897714111389536 0.5435827672481537 0.8226996688889219 0.731651376146789
0.3807641448396625 0.5901556015014648 0.8296188510594069 0.6972477064220184
0.3722817082748269 0.5401687473058701 0.8350235341281979 0.7362385321100917
0.3665754818780856 0.5327877253293991 0.8383940370309878 0.7282110091743119
0.3587854556513555 0.547720417380333 0.8429523823664791 0.7247706422018348
0.3530730496753346 0.5448282361030579 0.845818052235371 0.7362385321100917
0.34531226048641134 0.5348324626684189 0.8493964275638837 0.7270642201834863
0.33647299083796417 0.5506228506565094 0.8554989680618866 0.716743119266055
0.32911599658881174 0.581307664513588 0.8595524803634798 0.7155963302752294
0.3261617569986618 0.555340513586998 0.8615124203774369 0.7213302752293578
0.3183414339454788 0.5766404718160629 0.8660113735912931 0.7178899082568807
0.31167096684150625 0.5975621044635773 0.8714012086296753 0.7087155963302753
0.3074868376733679 0.5694790780544281 0.8718911936331646 0.7110091743119266
0.30039791283056594 0.6167580187320709 0.8777264695838097 0.7052752293577982
0.2960524970496243 0.5647914856672287 0.8797309536889931 0.7190366972477065
