0.535151370647776 0.4927242965072016 0.7206429790496921 0.7515768384080734
0.47877842065276977 0.4713458290582971 0.7562022310717554 0.7565732518736551
0.4603034372712615 0.47422346312411223 0.7672802938484751 0.7626703603848722
0.4497357864828804 0.46321499102477787 0.7749789754878924 0.767864651611467
0.4403859750851046 0.44720351356494276 0.781614064161864 0.775804496772119
0.4334978631732962 0.44720464878821675 0.7861405179450395 0.776843355017438
0.42704869450741934 0.45656927250608614 0.7912389621311435 0.7737267802814811
0.42184423405346994 0.439879714499546 0.7937897301442034 0.7841524648148607
0.4176655711158167 0.4401493577074401 0.7967548047193846 0.7826312795270721
0.41358235532630094 0.44496249860223336 0.7990273071310198 0.7810977268792204
0.4102774491840148 0.4353711721074732 0.8013400034628608 0.787132998590121
0.4068994205680829 0.4397472014910058 0.8032909545128497 0.7837938113730243
0.40261394106134585 0.43260549744473226 0.8053995894036459 0.7870711617898043
0.4000864272724979 0.43049794690141197 0.8074618466942046 0.7894704296420886
0.3973138972032296 0.43130095944374425 0.8094746345445101 0.7887407553983526
0.3945796988149987 0.4410106254906594 0.8109463503920453 0.784362709935937
0.3921334926699159 0.43417410014928143 0.8131415568032848 0.7885676123574662
0.39067954770466196 0.4325896054506302 0.8131260976032056 0.7880976526750599
0.38749884505154963 0.42808760240485394 0.8149255484924188 0.7914615746122833
0.3858347403333534 0.428973512276064 0.8169754384229142 0.7910905538103836
0.3838034717814077 0.43019319457721106 0.8177855005070618 0.7911400232506369
0.38277197499535504 0.44346680822251716 0.8184811645106236 0.7843998120161271
0.37974544062833243 0.4290205883451655 0.8203950134804224 0.792067575255386
0.3788056487241123 0.43437463054551356 0.8204537584407232 0.7896188379628485
0.377161564494047 0.4308070504589926 0.82204296420886 0.7933166786217813
