0.5922603029993516 0.573046759619743 0.6820691830121942 0.6989537213386431
0.5490627288582581 0.5303381737085837 0.7151518711815775 0.7257785253159861
0.5175075427263598 0.5076507860912552 0.7331401963936778 0.7395928665067155
0.49506343151383764 0.4883457898527761 0.7461011897400381 0.7502658982413614
0.4789481640946639 0.4762653156737738 0.7560538227509955 0.759306438447649
0.46632394842992103 0.4701470121552673 0.7647480768755102 0.76165623685968
0.4573807262733013 0.4603198125392576 0.7706040218654926 0.7684459175344431
0.4497063741606625 0.4559664200001125 0.7753654554898711 0.7733186573993915
0.44340683107228973 0.45410085903315606 0.779010734868535 0.7732444532390116
0.437040003794658 0.44900364806003207 0.7840689851344332 0.7773998862202874
0.43171427969502496 0.44330176890273637 0.7880203566746642 0.7802196443147246
0.42685370566912845 0.44124010356166693 0.7900393282050013 0.7832125454500483
0.4216643140144363 0.4366480026252662 0.7936475055034752 0.7833733211308714
0.4171200917585741 0.4523457845177832 0.7969774172005244 0.7731578817185684
0.41292952767372887 0.4386899800428861 0.7990891439313365 0.7831754433698582
0.40862628994391686 0.4425700087147423 0.8018223305053304 0.7822107892849193
0.4053269567416061 0.42957536989375006 0.803977342996364 0.7885799797175295
0.40100834219233145 0.42603913072166566 0.8065837641297089 0.7916718197333598
0.396967759096547 0.4251457890377769 0.8095117366247001 0.791993371095006
0.3939173269451042 0.43856126956547364 0.8111689628731851 0.784362709935937
0.39040892969675456 0.4259613644850405 0.8137692003264984 0.7909792475698137
0.3873725867111094 0.4242786548182934 0.8155037225753791 0.7946523535086201
0.3845496310180501 0.4267722734167606 0.817235152984244 0.7921541467758292
0.3814459643267755 0.42145791640387303 0.8189109302728239 0.7952583541517227
0.3789765681788514 0.42156775578667843 0.8200487273986495 0.797002151920651
