0.5326941482948534 0.5919438600540161 0.7299588709557677 0.6685779816513762
0.5207137004895643 0.558789923787117 0.7403821883027216 0.7064220183486238
0.5204995732867357 0.5472272038459778 0.7415551827050142 0.7282110091743119
0.5187924006445841 0.5506737530231476 0.7424906086207664 0.7190366972477065
0.5330520264352813 0.5603114664554596 0.7314882180878707 0.716743119266055
0.5215168830120203 0.5479811280965805 0.739342826174108 0.7339449541284404
0.5200038869498353 0.5673175752162933 0.7400109875425025 0.7018348623853211
0.5200993533838879 0.553648367524147 0.7405455166372181 0.7293577981651376
0.5182674652473493 0.5615719109773636 0.7409464134582547 0.7110091743119266
0.5175695745556643 0.5508112162351608 0.742074863769321 0.716743119266055
0.517032679734808 0.5432853996753693 0.7430251377154821 0.7247706422018348
0.5165713203675819 0.5584929436445236 0.7430399857458908 0.7121559633027523
0.5149361415568626 0.5450986325740814 0.743975411661643 0.7201834862385321
0.5112150577884732 0.5462048500776291 0.7464995768311333 0.7236238532110092
0.5048410944414862 0.5531162619590759 0.7497512954906531 0.7075688073394495
0.49011785378961853 0.5481916069984436 0.7600706766247457 0.7155963302752294
0.46682781839009485 0.5323242247104645 0.7749632511247383 0.7350917431192661
0.4467083943838423 0.5274904668331146 0.7876286210634159 0.7454128440366973
0.42934717926563637 0.530259370803833 0.7988982761436696 0.7385321100917431
0.41672960747823573 0.5247342884540558 0.8069459086252209 0.7385321100917431
0.403960376300595 0.5220464020967484 0.8139690270085673 0.7396788990825688
0.39112916283986787 0.5348725020885468 0.8221651397942062 0.7419724770642202
0.3787062182796724 0.5534319281578064 0.8286537290828372 0.7305045871559633
0.3676132439551028 0.5517166256904602 0.835647151405366 0.7339449541284404
0.3565582638662873 0.5757735371589661 0.842447549332581 0.731651376146789
0.3472215470039483 0.5469086468219757 0.848861898469168 0.7327981651376146
0.3406940674917264 0.5467133671045303 0.8532717635005717 0.7396788990825688
0.3282370390652707 0.5477845519781113 0.8596118724851148 0.7350917431192661
0.3190167522565885 0.5678334683179855 0.8655362366182126 0.7293577981651376
0.5336842171170495 0.5529354214668274 0.7293204056481908 0.7305045871559633
0.5208973323531223 0.5863842666149139 0.7384816404103995 0.6720183486238532
0.5204998248002746 0.5560261011123657 0.74112458982316 0.7155963302752294
0.5182774625718594 0.549524798989296 0.7419560795260509 0.7293577981651376
0.5180539486534668 0.553196132183075 0.7423124322558613 0.7178899082568807
0.5168837848486323 0.5469379872083664 0.742579696803219 0.7236238532110092
0.5162853820983208 0.5491521060466766 0.7434260345365187 0.7201834862385321
0.5132722758659811 0.5431139022111893 0.7454008225808847 0.7305045871559633
0.5081198659132827 0.5390856266021729 0.7482664924497765 0.716743119266055
0.497291266466632 0.5310114324092865 0.7556162675021159 0.7431192660550459
0.48000359286864597 0.5255505815148354 0.7656535360584419 0.7465596330275229
0.45845484699715267 0.5206946209073067 0.7810657916227413 0.7557339449541285
0.4420796592127193 0.5399791598320007 0.792008790034002 0.7373853211009175
0.4256966316112966 0.5255798846483231 0.8005315594886339 0.7431192660550459
0.4104833410996379 0.5328621566295624 0.811133053200493 0.7396788990825688
0.39639313812508725 0.5284099578857422 0.8202497438714754 0.7454128440366973
0.38458684143243416 0.5251101106405258 0.8269907496770553 0.7431192660550459
0.37123055507739383 0.6062869280576706 0.835780783679045 0.7087155963302753
0.361414695102157 0.5423996895551682 0.8413784911431499 0.7270642201834863
0.3493798779831691 0.5708530843257904 0.8481194969487298 0.731651376146789
0.33684803421298665 0.5691889077425003 0.8568204427682667 0.7213302752293578
0.32862508409854135 0.5650644302368164 0.8603839700663707 0.7385321100917431
0.3163621084143718 0.5665732175111771 0.8667983192029577 0.7224770642201835
0.3075218836240696 0.5983024537563324 0.8723514825758363 0.7247706422018348
0.2997067150180087 0.5811935663223267 0.8764940830598821 0.7350917431192661
