0.615804952733657 0.5969876766204834 0.7009706467079874 0.6912751677852349
0.6040290488916285 0.59680016040802 0.704362062916618 0.6912751677852349
0.601241153829238 0.5984264850616455 0.704362062916618 0.6912751677852349
0.5984633266925812 0.6030293107032776 0.704362062916618 0.6912751677852349
0.5949048242148232 0.6002407193183898 0.7044790083031225 0.6893576222435283
0.5908133299911723 0.6006610512733459 0.7051806806221494 0.6893576222435283
0.5892511746462654 0.596627289056778 0.704829844462636 0.6912751677852349
0.5822196778129128 0.6013948202133179 0.7061162437141855 0.6903163950143816
0.5786616013330572 0.6158520698547363 0.70857209683078 0.6903163950143816
0.5733029316453373 0.5982193112373352 0.707636533738744 0.6931927133269415
0.5664589650490705 0.6010524868965149 0.712080458425915 0.6912751677852349
0.563955578733893 0.6000139355659485 0.7140685299964916 0.6903163950143816
0.5569852275006911 0.6036654472351074 0.7146532569290142 0.6922339405560882
0.5537997238776263 0.6199447989463807 0.7201496900947257 0.6586768935762224
0.5471157773452646 0.6072553753852844 0.7248275055549058 0.6855225311601151
0.5404499138102812 0.6094740629196167 0.7285697579230499 0.6874400767018217
0.5359454461756874 0.6220572233200073 0.7305578294936265 0.660594439117929
0.5290300232522628 0.615522563457489 0.7344170272482751 0.6826462128475551
0.5246937949867809 0.6268059968948364 0.7359373172728336 0.6682646212847555
0.5190872383468291 0.6186064958572388 0.7402642965735001 0.6778523489932886
0.5179094680968452 0.6281364798545838 0.7422523681440767 0.6596356663470757
0.5118593643693363 0.6215883255004883 0.7469301836042568 0.6740172579098753
0.5049145432079539 0.6300693035125733 0.7516079990644369 0.6567593480345159
0.5028587115161559 0.6315590262413024 0.7528943983159865 0.660594439117929
0.49463211525889006 0.6465923070907593 0.755116360659572 0.6548418024928092
