0.5547087356222399 0.5524158626794815 0.716031418432345 0.731651376146789
0.520694648564765 0.5485813021659851 0.7405455166372181 0.7305045871559633
0.5185832408341494 0.5470845401287079 0.74124337406643 0.7408256880733946
0.5169531979569884 0.5583367645740509 0.7437972352967379 0.713302752293578
0.5165841732964371 0.5462988615036011 0.7425648487728103 0.7213302752293578
0.5132111063735052 0.539599597454071 0.7440793478745045 0.7385321100917431
0.5110424579770276 0.5546617656946182 0.7472419783515717 0.7201834862385321
0.5067750045070143 0.5406361222267151 0.7475537869901557 0.7247706422018348
0.5034305320093126 0.5537703335285187 0.7513400347443911 0.7110091743119266
0.49962819796619995 0.5341636389493942 0.7527505976332239 0.7259174311926605
0.4944926950741898 0.5433652549982071 0.7554529391676195 0.7247706422018348
0.49033416751207726 0.5336149483919144 0.7587788979791831 0.7327981651376146
0.4872740463099696 0.526978999376297 0.761006102540498 0.7511467889908257
0.48243577665451803 0.5240100622177124 0.7643172133216529 0.75
0.4792997225215941 0.5293317884206772 0.766470177730924 0.7465596330275229
0.4748338344648029 0.5286532193422318 0.7696625042688088 0.7454128440366973
0.47150179009997484 0.5247728154063225 0.7713700277658169 0.7431192660550459
0.4685237336565148 0.5325768813490868 0.7747999227902419 0.7327981651376146
0.46594165536490356 0.5354428067803383 0.7759877652229432 0.7350917431192661
0.4614536807392583 0.5259095802903175 0.7787198028181562 0.7522935779816514
0.45716111632910644 0.5348623394966125 0.7821942419338075 0.731651376146789
0.45436379031249974 0.5344800353050232 0.782416962389939 0.7327981651376146
0.4504724499402624 0.5234092846512794 0.7851044558939256 0.7511467889908257
0.4473088931179408 0.5200260207056999 0.7890540319826576 0.7603211009174312
0.4434901130470363 0.5200909823179245 0.789217360317154 0.75
