0.5254537024055467 0.5395072996616364 0.7376056066162824 0.7270642201834863
0.4950883106300325 0.5308973491191864 0.7584225452493727 0.7408256880733946
0.47635878204847826 0.5168673247098923 0.7687716224442828 0.7545871559633027
0.4602986484991782 0.5219693928956985 0.7792543319128717 0.7534403669724771
0.4444621875882149 0.5303831398487091 0.7911921483615199 0.7385321100917431
0.43139836666258896 0.522086575627327 0.7987943399308082 0.7396788990825688
0.4212261462076144 0.531555563211441 0.804139630877964 0.7408256880733946
0.4090494103729725 0.5249815881252289 0.8113409256262157 0.7408256880733946
0.39767858160264563 0.5252864807844162 0.8194479502294021 0.7339449541284404
0.3858166493926988 0.5258346647024155 0.8261741080045732 0.731651376146789
0.3751864263957197 0.5312259942293167 0.832157864259306 0.7385321100917431
0.3641664214206464 0.5329324454069138 0.839522487342054 0.7442660550458715
0.3543360720981251 0.5307376384735107 0.8463971254213128 0.7442660550458715
0.3439317060013612 0.5771560668945312 0.8508069904527165 0.7121559633027523
0.33608098751442 0.5600192844867706 0.8579934371705593 0.7201834862385321
0.3266601925998023 0.5848649740219116 0.8630269194791311 0.713302752293578
0.3166594278970451 0.5541770905256271 0.8668874073854104 0.7442660550458715
0.30801243809136475 0.5620008111000061 0.8732869084915886 0.7293577981651376
0.2994015621529384 0.5500786453485489 0.8780382782223938 0.7431192660550459
0.2909217592554562 0.5759435296058655 0.882730255831564 0.7213302752293578
0.28487262101561733 0.5714273750782013 0.8850465485753315 0.7419724770642202
0.27632956195509795 0.5642968118190765 0.8889961246640633 0.7282110091743119
0.269617498993422 0.574877455830574 0.8931832692393354 0.7327981651376146
0.26432766607313446 0.6014161258935928 0.8952174494053364 0.716743119266055
0.2543252643310662 0.6175147145986557 0.9007409167173974 0.7098623853211009
