0.6149875469067517 0.6010809540748596 0.7042451175301134 0.6912751677852349
0.6055984076331643 0.6017583847045899 0.704362062916618 0.6912751677852349
0.6030134523616117 0.5996665596961975 0.704362062916618 0.6912751677852349
0.6070675008437213 0.5983377933502197 0.704362062916618 0.6912751677852349
0.6003798412926057 0.6016274809837341 0.7049467898491405 0.6912751677852349
0.6034987796755398 0.5987000226974487 0.7045959536896269 0.6912751677852349
0.6007469296455383 0.6004899144172668 0.704829844462636 0.6903163950143816
0.6006411629564622 0.5984217643737793 0.7044790083031225 0.6912751677852349
0.6000617532169118 0.5973230123519897 0.7049467898491405 0.6912751677852349
0.6001528694349176 0.5993324995040894 0.7040112267571045 0.6903163950143816
0.6006365506088033 0.5988775849342346 0.704829844462636 0.6883988494726749
0.599335698520436 0.600902509689331 0.7047128990761314 0.6883988494726749
0.5987344436785754 0.6161839723587036 0.704829844462636 0.6903163950143816
0.6002580383244682 0.5979347825050354 0.704362062916618 0.6893576222435283
0.5991729322601768 0.6004077076911927 0.7045959536896269 0.6874400767018217
0.5984309666297015 0.5991119384765625 0.704829844462636 0.6883988494726749
0.5971268310266382 0.602863872051239 0.704362062916618 0.6883988494726749
0.5975340359351214 0.5959395706653595 0.705297626008654 0.6893576222435283
0.5963480910834145 0.6003487348556519 0.704362062916618 0.6883988494726749
0.5965605553458718 0.5994358122348785 0.7047128990761314 0.6912751677852349
0.5971385836601257 0.5982374668121337 0.7041281721436089 0.6883988494726749
0.5978294593446395 0.607663917541504 0.7040112267571045 0.6893576222435283
0.5992988155168646 0.5965269684791565 0.705297626008654 0.6893576222435283
0.5990060427609611 0.5991093635559082 0.705765407554672 0.6912751677852349
0.5999077418271233 0.5990358591079712 0.7041281721436089 0.6874400767018217
0.619774530915653 0.5982787489891053 0.7028417728920594 0.6912751677852349
0.6086928336059346 0.6110043406486512 0.704362062916618 0.6912751677852349
0.6074531691915849 0.599447739124298 0.7037773359840954 0.6912751677852349
0.6034813821315765 0.5995734453201294 0.704362062916618 0.6912751677852349
0.6014341168543872 0.5997585415840149 0.7042451175301134 0.6912751677852349
0.6029302653144387 0.5982631325721741 0.7047128990761314 0.6912751677852349
0.6000170497333303 0.5982299447059631 0.7038942813706 0.6912751677852349
0.600069885744768 0.5975871205329895 0.7051806806221494 0.6912751677852349
0.5986810817438013 0.5965498268604279 0.704829844462636 0.6912751677852349
0.6017619844745187 0.5977517664432526 0.7041281721436089 0.6912751677852349
0.5989741963498733 0.6014338970184326 0.704829844462636 0.6893576222435283
0.5996292513959548 0.5977792918682099 0.7047128990761314 0.6912751677852349
0.6004309443866506 0.6010889649391175 0.7055315167816629 0.6893576222435283
0.5989964218700633 0.6031122207641602 0.7047128990761314 0.6883988494726749
0.5985991814557243 0.60446138381958 0.7045959536896269 0.6893576222435283
0.5984121806481305 0.6037909746170044 0.7045959536896269 0.6893576222435283
0.5971476575907539 0.5975066184997558 0.7049467898491405 0.6912751677852349
0.5962273180484772 0.5973252177238464 0.7050637352356449 0.6883988494726749
0.5978675677495844 0.600571209192276 0.704829844462636 0.6912751677852349
0.5989242161021513 0.5979552388191223 0.7054145713951585 0.6883988494726749
0.5981926181737114 0.598802101612091 0.7056484621681675 0.6893576222435283
0.5994152268942665 0.6109588742256165 0.7041281721436089 0.6912751677852349
0.6016134181443382 0.5995380520820618 0.7056484621681675 0.6883988494726749
0.5997795234708225 0.5964814245700836 0.704829844462636 0.6912751677852349
0.5979747754686019 0.5975683093070984 0.7045959536896269 0.6903163950143816
