0.5326466003928003 0.48865718432242355 0.7219755620965149 0.7526527987335824
0.46937212574331066 0.48812982402270355 0.7630630240668826 0.7417571545177967
0.44804534870140916 0.44956978174704537 0.7766702119765515 0.7753716391699028
0.4344085334222528 0.4492460486443737 0.7859148136238838 0.7738999233223676
0.4240958272609152 0.4362138685169099 0.7932053723812115 0.7832991169704915
0.4155811368711764 0.43463349087706094 0.7983563778475846 0.783781444012961
0.4078810467514433 0.42934639638737787 0.8033806178733087 0.7899651240446214
0.40181084321458127 0.42612627808806264 0.8063147740483316 0.7919191669346262
0.39579235851953304 0.42843843723022484 0.8101702985480719 0.7913873704519033
0.39068350120435785 0.4314922636634187 0.8139145168072424 0.790719533008484
0.3863210711345265 0.4248518992828417 0.8162983254594475 0.7938732098246308
0.3819824457168579 0.4240386260649826 0.8184595216305127 0.7939103119048208
0.3775388331541532 0.4230144751977317 0.8215977392465804 0.7957530485542557
0.3739906651073996 0.4221018773468235 0.8231436592544955 0.7961982735165352
0.37053581157439874 0.4226853133568281 0.8252399267852284 0.7977194588043236
0.3672996041471068 0.4253460837504532 0.8271073981547898 0.7955675381533058
0.36416529392517066 0.4229422712439223 0.8291294615251429 0.7965692943184348
0.36112777016396763 0.42459647517792787 0.8307557693734695 0.7970268866407777
0.35870372440335874 0.4275922230150126 0.8316524029780603 0.7955675381533058
0.35601250504296794 0.42776428606313993 0.8340887729105345 0.7981399490464766
0.352840571746796 0.42624515898620025 0.8356439684384971 0.7967671720794479
0.3503730573891839 0.4284095116242578 0.8370940414059215 0.7960003957555221
0.34840572881217624 0.4294580001431175 0.8380834302109872 0.7997106037745183
0.346386368881581 0.4261113621200187 0.8393943703776992 0.7993395829726186
0.3440448641305483 0.4253523216783246 0.8407764228647753 0.8017141161047763
