0.5356004897392157 0.5493943244218826 0.7262320153231674 0.7270642201834863
0.5170614765674779 0.5426303744316101 0.7421491039213648 0.7385321100917431
0.5085453818919081 0.5909266024827957 0.7484595168450905 0.6754587155963303
0.5010685985061255 0.5336410477757454 0.7526021173291363 0.7293577981651376
0.49122515828772023 0.5309530794620514 0.7592688829826724 0.7580275229357798
0.482816856354475 0.5253215879201889 0.7642726692304266 0.7373853211009175
0.47653779692270537 0.5353027284145355 0.7686082941097864 0.7465596330275229
0.4707964514241074 0.538146048784256 0.7719491009517587 0.7259174311926605
0.46325800692041713 0.5373062342405319 0.7785267784228422 0.7327981651376146
0.45743789049712097 0.5173590630292892 0.7830405796671072 0.7511467889908257
0.4521745111454617 0.5237141996622086 0.7836938930050928 0.7408256880733946
0.4444605392037016 0.516660064458847 0.7898855216855484 0.7626146788990825
0.43896125144127646 0.5281468108296394 0.7939538820175503 0.7465596330275229
0.43623333842013823 0.5523930788040161 0.792706647463214 0.7178899082568807
0.4274075224318288 0.5063623189926147 0.7988834281132607 0.7603211009174312
0.42399488005674246 0.5160722509026527 0.8023875632897296 0.7442660550458715
0.41788184659724886 0.5099831447005272 0.8049265764896286 0.75
0.4126129397614436 0.5085833892226219 0.8082822313620098 0.7454128440366973
0.40932389947049547 0.5512067973613739 0.8116081901735734 0.7201834862385321
0.4020546003611702 0.5323320925235748 0.8148302127722757 0.7305045871559633
0.3977060197203448 0.5317428708076477 0.8176958826411677 0.7224770642201835
0.3909143017548503 0.510551929473877 0.8236796388959005 0.7477064220183486
0.3867405963440736 0.5057264193892479 0.8252535301192296 0.7488532110091743
0.3799257827076045 0.522287130355835 0.8286240330220196 0.7385321100917431
0.37516000641114783 0.5092357024550438 0.832217256380941 0.75
