0.597401838985425 0.5905195548187329 0.6766399119443963 0.6853990947092433
0.5505198540425376 0.5014968045716044 0.7118961636449084 0.7355858418461995
0.47880600421111796 0.4654487604393235 0.7555220262682728 0.7647480768755102
0.4578794873543555 0.4545706702938563 0.7697197556209652 0.7717727373914764
0.4448273966112469 0.4493895491844491 0.7776286823814589 0.77819139726434
0.43669280553637424 0.4394320474018025 0.7832558312102699 0.7815800539216898
0.42880148485397235 0.43610166343329826 0.7888675208390017 0.7862549160256251
0.423123181243486 0.44033190608024597 0.7923613000568899 0.7798609908728883
0.41622694633618185 0.4280132844666891 0.797147468401395 0.7904350837270276
0.41176079970466184 0.43821868979478185 0.8009627989809295 0.7816418907220065
0.4071589344994554 0.4247573675422729 0.802811719310396 0.7922283509362091
0.40266653959038134 0.42714523948446104 0.8060859778871602 0.7907319003685473
0.39786045623448074 0.4229825201291072 0.8091005219025946 0.7943308021469737
0.39396210502880286 0.4256769530003584 0.8122758415988524 0.791684187093423
0.3900204053077894 0.4244555480118039 0.8142700784090628 0.7932672091815282
0.3869192906761471 0.4219382761777202 0.8158963862573895 0.7944915778277969
0.3835840220975725 0.42960929333031933 0.817544336985827 0.7927230453387419
0.38084339206637463 0.41938835646532757 0.8204352074006283 0.7978926018452102
0.3775602246434251 0.4200949892401695 0.8216070147666279 0.798350194167553
0.37495962551594536 0.4206580200904532 0.8236723638972026 0.7983007247272997
0.3719540300390011 0.42496074434322645 0.8248967325434713 0.7945286799079868
0.369496284783641 0.4223348518149762 0.8274320413564521 0.7969279477602711
0.36755942786701873 0.4214519065203546 0.8276113680773702 0.7975092136832471
0.364505540956802 0.4217683801168128 0.8299611664894012 0.7962848450369784
0.36267362075233006 0.4227149722319615 0.8307124836132479 0.799586930173885
