0.5322300809659536 0.4894178701163847 0.7226743179400925 0.7512676544064903
0.47671564048321186 0.46890376734582684 0.7568886195552698 0.7651067303173464
0.4567914851292779 0.4644404256457015 0.7705174503450494 0.7624848499839224
0.4444201818042541 0.45013732793210426 0.7788406836676643 0.7726755546760988
0.4354575942683069 0.44076342343152325 0.784455465136412 0.7804422567958643
0.42766369216709954 0.43846214666396754 0.7897301442034184 0.7829651982487819
0.4211187920049776 0.4349067674218854 0.7942318632664671 0.7835464641717579
0.41582982164300697 0.4407833344008349 0.7975524994434688 0.7803804199955477
0.41180362467524373 0.43075235046540633 0.7999734101758639 0.7873061416310074
0.40711950418786913 0.4392252242829226 0.8032909545128497 0.7822726260852358
0.4021309039355079 0.43181613191396373 0.8063395087684583 0.7870093249894877
0.3987703723007742 0.4330356898187082 0.8090819708624997 0.7873927131514507
0.3950282029477479 0.4352725271748591 0.8109587177521086 0.7858715278636622
0.39161536889740184 0.4318858037077928 0.812609760320562 0.7893962254817086
0.3900307644441535 0.4280048370172706 0.8137042716861659 0.7914986766924732
0.38623214572007897 0.42886839420357836 0.8162086620989883 0.7904969205273442
0.38440548100426225 0.42631142737367483 0.8171083875435949 0.7931559029409582
0.3814389205101547 0.42872131578152695 0.8192541245145811 0.7921170446956393
0.3786913323440129 0.43656288879581645 0.8206114422815306 0.7880481832348067
0.37687663700950297 0.4390362400231482 0.8214864330060105 0.7866012021073981
0.3742166328232122 0.4279355595383463 0.8241701501397511 0.792413861337159
0.37242617814129664 0.425439085104043 0.8240588438991813 0.793724801503871
0.3704629255859535 0.4284250465563581 0.8252893962254817 0.7940092507853274
0.36862855055664157 0.430115675718724 0.8266714487125578 0.7944421083875436
0.3665200125048809 0.4304811962986294 0.8278927255188108 0.7916594523732964
