0.5281339479666768 0.5485914051532745 0.7324236440036229 0.7224770642201835
0.5023904754356905 0.5735689699649811 0.7508203536800844 0.6903669724770642
0.48386589392568125 0.5321302115917206 0.7628175622503675 0.7545871559633027
0.46836037200057146 0.5188738852739334 0.774666290516563 0.7511467889908257
0.45598737308473297 0.5605627596378326 0.781778497082362 0.7121559633027523
0.4450101966433453 0.5306507050991058 0.7879998218236351 0.7339449541284404
0.4350116444808064 0.5321399122476578 0.7948447638420764 0.7373853211009175
0.42521324211900885 0.5296561866998672 0.800264294941276 0.7385321100917431
0.4182822589169849 0.5224624276161194 0.806173811043965 0.7442660550458715
0.40910167517987167 0.5557260662317276 0.8104203477408721 0.7259174311926605
0.4011338765196728 0.553164005279541 0.8164931921780576 0.7190366972477065
0.3922530475890998 0.5640636533498764 0.8213336500913154 0.7293577981651376
0.38425778258930554 0.5450972020626068 0.8266789410384713 0.7350917431192661
0.3778864602473649 0.5502756386995316 0.8305988210663855 0.7201834862385321
0.36758985658260906 0.565800353884697 0.8369092339901112 0.7236238532110092
0.35962818585561984 0.5538188070058823 0.8409330502308868 0.7327981651376146
0.3510150158721389 0.5632358938455582 0.8473028552762476 0.7144495412844036
0.34373376202402695 0.5614279359579086 0.8490252268036645 0.716743119266055
0.33699970297289616 0.5828134119510651 0.8543259736595941 0.7052752293577982
0.3301935772213972 0.5598116368055344 0.8583200938395522 0.7327981651376146
0.32138857730861864 0.5678189396858215 0.8635911446346642 0.7190366972477065
0.31424391168085014 0.5578207522630692 0.8670061916286804 0.7190366972477065
0.3073181592379556 0.6341581791639328 0.871861497572347 0.7052752293577982
0.30066974822318915 0.5843477100133896 0.8743559666810198 0.7270642201834863
0.29194466876938485 0.5911971032619476 0.879805193841037 0.713302752293578
