0.6143423441578361 0.5947378754615784 0.7014384282540054 0.6912751677852349
0.6068337594761568 0.595963716506958 0.704362062916618 0.6912751677852349
0.6015578964177299 0.597847831249237 0.704362062916618 0.6912751677852349
0.6020790285923902 0.6025346040725708 0.7044790083031225 0.6912751677852349
0.6001105133224937 0.6018262505531311 0.704362062916618 0.6912751677852349
0.6003921084544238 0.5983895063400269 0.7042451175301134 0.6912751677852349
0.5982635459479164 0.5992135524749755 0.704829844462636 0.6912751677852349
0.5978025811560014 0.600360918045044 0.7044790083031225 0.6893576222435283
0.5981908896390129 0.6032774567604064 0.704829844462636 0.6874400767018217
0.5938001783455119 0.5974999785423278 0.704829844462636 0.6903163950143816
0.5966115874402663 0.6036663055419922 0.7051806806221494 0.6893576222435283
0.6008138113162097 0.5971476554870605 0.7041281721436089 0.6912751677852349
0.5947401961859535 0.6024363160133361 0.7055315167816629 0.6874400767018217
0.5923916697502136 0.6142240643501282 0.7045959536896269 0.6931927133269415
0.5959363509626949 0.596740436553955 0.705297626008654 0.6883988494726749
0.5927591183606316 0.6085951566696167 0.705765407554672 0.6864813039309684
0.5904297811143538 0.5975272297859192 0.7070518068062215 0.6883988494726749
0.5878236258731169 0.6011045455932618 0.7055315167816629 0.6874400767018217
0.5901494920253754 0.5965290069580078 0.7063501344871945 0.6893576222435283
0.5884016506812152 0.5971052289009094 0.7059992983276809 0.6883988494726749
0.5862808402846841 0.5956501483917236 0.7064670798736989 0.6883988494726749
0.5815825628883698 0.5975547194480896 0.7068179160332125 0.6903163950143816
0.5858314528184778 0.6002596497535706 0.707636533738744 0.6912751677852349
0.5810195295249715 0.5963117003440856 0.706700970646708 0.6893576222435283
0.5809871712151695 0.5967701077461243 0.706934861419717 0.6883988494726749
