0.6212950033300063 0.5938877940177918 0.6924336334931587 0.6912751677852349
0.6049389190533582 0.5947737693786621 0.704362062916618 0.6912751677852349
0.6010479786816765 0.5972612500190735 0.704362062916618 0.6912751677852349
0.5989969372749329 0.5984573841094971 0.704362062916618 0.6912751677852349
0.5959308357799754 0.602395486831665 0.704362062916618 0.6912751677852349
0.5927110542269314 0.5980331897735596 0.7044790083031225 0.6912751677852349
0.5885172731736127 0.5983904957771301 0.7047128990761314 0.6912751677852349
0.5841059597099528 0.601677930355072 0.705297626008654 0.6912751677852349
0.5800477757173426 0.6022140741348266 0.7058823529411765 0.6903163950143816
0.5757396501653335 0.6053564786911011 0.7070518068062215 0.6864813039309684
0.5726490879760069 0.5995125889778137 0.7093907145363115 0.6893576222435283
0.5659652702948627 0.6040895342826843 0.7095076599228161 0.6874400767018217
0.5584190154776854 0.6027393102645874 0.7164074377265817 0.6845637583892618
0.5536823290235856 0.6043241262435913 0.7174599462051222 0.6912751677852349
0.5564269046573078 0.6080774068832397 0.7154718746345456 0.675934803451582
0.5440483268569497 0.6064087867736816 0.7226055432113203 0.6864813039309684
0.5395870603182736 0.6012681722640991 0.7270494678984915 0.6836049856184084
0.5331535803921083 0.6044192910194397 0.7321950649046896 0.6797698945349953
0.527491577407893 0.6170449376106262 0.7373406619108877 0.6720997123681688
0.5247455230530571 0.611603581905365 0.7374576072973921 0.673058485139022
0.5156499699634665 0.6183723688125611 0.7409659688925272 0.6836049856184084
0.5111347322954851 0.6208794713020325 0.7477488013097884 0.6720997123681688
0.5038821294027216 0.6153097748756409 0.7516079990644369 0.675934803451582
0.49819133912815766 0.616871964931488 0.754180797567536 0.6797698945349953
0.48964150951189156 0.6271195530891418 0.7588586130277161 0.6701821668264621
